0.825 1.000 0.867
4.655 1.000 0.001
4.174 1.000 0.071
2.450 1.000 0.819
0.307 1.000 0.651
2.820 1.000 0.658
1.009 1.000 0.923
1.569 0.999 1.000
1.566 0.999 1.000
0.156 1.000 0.578
2.949 0.999 0.596
0.701 0.999 0.823
2.587 0.999 0.763
1.383 0.999 0.991
2.287 0.999 0.877
3.404 0.999 0.370
0.389 0.999 0.689
4.527 0.999 0.009
4.058 0.999 0.103
3.577 0.999 0.289
2.447 0.999 0.820
2.167 0.999 0.914
2.810 0.999 0.663
4.279 0.999 0.046
0.734 0.999 0.835
3.639 0.998 0.261
3.190 0.998 0.476
0.391 0.998 0.691
3.598 0.998 0.280
3.444 0.997 0.351
4.142 0.997 0.079
4.414 0.996 0.022
2.397 0.996 0.839
1.693 0.996 0.996
3.435 0.996 0.355
3.098 0.995 0.522
2.828 0.995 0.654
1.556 0.994 1.000
1.873 0.994 0.977
1.823 0.994 0.984
4.550 0.994 0.007
2.378 0.993 0.846
1.256 0.993 0.975
2.162 0.993 0.915
0.077 0.996 0.538
3.260 0.993 0.441
2.631 0.992 0.744
1.673 0.992 0.997
1.662 0.992 0.998
1.041 0.992 0.931
2.803 0.992 0.666
3.463 0.991 0.342
0.368 0.991 0.680
3.063 0.990 0.539
4.573 0.989 0.005
0.738 0.988 0.836
1.173 0.987 0.961
4.518 0.987 0.009
0.762 0.986 0.845
0.613 0.986 0.788
4.084 0.985 0.096
4.066 0.983 0.101
4.108 0.981 0.089
4.540 0.978 0.007
3.460 0.975 0.343
2.230 0.973 0.895
3.375 0.973 0.384
2.137 0.971 0.922
2.108 0.971 0.930
1.786 0.971 0.988
3.250 0.971 0.446
4.009 0.969 0.119
3.609 0.965 0.275
1.788 0.963 0.988
1.059 0.963 0.936
3.228 0.963 0.457
2.930 0.960 0.605
2.383 0.959 0.844
2.594 0.958 0.760
4.595 0.957 0.003
0.276 0.955 0.636
3.237 0.951 0.452
2.315 0.948 0.868
0.326 0.950 0.660
2.210 0.946 0.901
1.843 0.945 0.982
3.801 0.946 0.194
4.044 0.941 0.108
2.829 0.936 0.654
3.980 0.934 0.128
3.152 0.928 0.495
1.853 0.925 0.980
4.383 0.925 0.027
4.613 0.918 0.002
4.215 0.910 0.061
4.694 0.902 0.000
0.851 0.893 0.876
0.388 0.894 0.689
0.504 0.891 0.742
3.761 0.888 0.210
4.417 0.880 0.022
1.163 0.869 0.959
0.434 0.872 0.710
1.279 0.868 0.979
2.643 0.870 0.739
0.408 0.870 0.698
1.056 0.866 0.935
3.387 0.866 0.378
3.986 0.860 0.126
4.184 0.849 0.068
4.683 0.836 0.000
4.164 0.821 0.073
0.783 0.807 0.853
1.367 0.808 0.990
1.639 0.811 0.999
3.779 0.815 0.203
0.792 0.803 0.856
3.987 0.804 0.126
3.594 0.789 0.282
3.671 0.777 0.248
2.014 0.764 0.952
1.496 0.769 0.999
3.364 0.775 0.390
4.239 0.765 0.055
4.086 0.747 0.095
1.718 0.729 0.995
2.291 0.736 0.876
3.745 0.740 0.216
0.711 0.726 0.826
1.722 0.728 0.994
0.305 0.739 0.650
2.288 0.733 0.877
3.351 0.738 0.396
2.164 0.728 0.914
0.906 0.734 0.893
4.697 0.738 0.000
2.579 0.716 0.767
2.626 0.718 0.746
2.548 0.719 0.779
0.436 0.722 0.711
2.098 0.720 0.932
4.594 0.727 0.003
1.644 0.705 0.999
4.370 0.714 0.029
3.754 0.692 0.213
2.620 0.676 0.749
3.787 0.678 0.199
2.904 0.662 0.618
3.688 0.660 0.240
3.000 0.644 0.570
4.289 0.642 0.044
3.495 0.619 0.327
1.310 0.607 0.983
4.558 0.622 0.006
2.751 0.597 0.690
2.765 0.601 0.684
2.210 0.605 0.901
3.560 0.617 0.297
1.064 0.604 0.937
2.127 0.617 0.925
3.986 0.630 0.126
1.532 0.610 1.000
0.448 0.627 0.716
3.553 0.629 0.300
4.356 0.616 0.031
2.345 0.592 0.858
1.802 0.603 0.987
3.524 0.619 0.313
3.663 0.607 0.251
3.235 0.592 0.453
0.021 0.593 0.511
2.741 0.583 0.695
1.031 0.588 0.929
4.146 0.602 0.078
3.720 0.580 0.227
0.625 0.566 0.793
1.289 0.575 0.980
0.602 0.593 0.783
4.255 0.600 0.051
2.370 0.577 0.849
1.794 0.589 0.988
4.233 0.605 0.056
0.376 0.584 0.684
1.515 0.587 0.999
3.023 0.604 0.559
3.168 0.602 0.487
2.186 0.597 0.908
0.148 0.614 0.573
1.396 0.608 0.992
2.135 0.624 0.923
3.011 0.635 0.565
0.697 0.633 0.821
2.528 0.640 0.788
2.071 0.646 0.939
3.461 0.657 0.343
0.356 0.647 0.674
3.309 0.646 0.417
4.609 0.637 0.003
1.556 0.613 1.000
2.074 0.628 0.938
4.204 0.640 0.063
0.212 0.621 0.605
1.175 0.617 0.961
0.269 0.634 0.633
0.115 0.636 0.557
4.408 0.628 0.023
1.095 0.604 0.944
2.781 0.618 0.676
1.984 0.620 0.958
2.553 0.633 0.777
4.284 0.639 0.045
3.185 0.616 0.478
0.328 0.613 0.661
2.760 0.612 0.686
2.150 0.615 0.919
3.730 0.627 0.222
3.811 0.611 0.190
2.054 0.594 0.943
3.829 0.609 0.183
2.001 0.591 0.954
3.869 0.606 0.168
3.273 0.588 0.434
1.673 0.582 0.997
0.784 0.600 0.853
4.651 0.610 0.001
2.637 0.585 0.742
2.304 0.591 0.872
0.929 0.603 0.900
3.968 0.615 0.132
0.393 0.597 0.691
3.290 0.599 0.426
1.199 0.593 0.966
0.517 0.609 0.747
3.962 0.613 0.134
1.015 0.594 0.925
2.773 0.607 0.680
0.214 0.614 0.606
0.884 0.611 0.887
2.929 0.621 0.606
2.767 0.621 0.683
0.526 0.624 0.751
1.188 0.628 0.964
1.733 0.641 0.993
3.472 0.654 0.338
3.893 0.642 0.159
0.140 0.629 0.570
1.990 0.622 0.957
1.511 0.635 0.999
4.628 0.649 0.002
2.235 0.624 0.894
4.659 0.635 0.001
3.779 0.610 0.202
3.851 0.594 0.174
1.274 0.576 0.978
2.426 0.593 0.828
0.690 0.603 0.818
0.603 0.612 0.784
0.282 0.621 0.639
0.103 0.624 0.551
2.021 0.616 0.950
3.624 0.629 0.268
1.146 0.615 0.955
0.535 0.630 0.755
4.516 0.633 0.010
2.156 0.609 0.917
0.621 0.622 0.791
4.235 0.628 0.056
3.749 0.606 0.214
1.450 0.590 0.996
0.651 0.607 0.803
2.163 0.614 0.915
4.679 0.626 0.000
0.302 0.604 0.649
4.257 0.603 0.051
1.980 0.581 0.959
0.427 0.598 0.707
2.707 0.601 0.711
3.495 0.605 0.327
3.083 0.594 0.529
1.970 0.592 0.961
3.000 0.607 0.570
2.603 0.605 0.756
0.594 0.612 0.780
2.447 0.618 0.820
0.018 0.634 0.509
1.849 0.621 0.981
2.015 0.635 0.952
2.800 0.647 0.668
4.610 0.648 0.003
1.118 0.624 0.950
2.797 0.636 0.669
0.878 0.638 0.885
3.484 0.647 0.332
0.303 0.638 0.649
1.826 0.635 0.984
2.250 0.649 0.889
1.227 0.658 0.971
1.354 0.669 0.988
1.663 0.680 0.998
2.131 0.691 0.923
2.099 0.698 0.932
3.480 0.706 0.334
2.769 0.694 0.682
4.197 0.694 0.065
4.202 0.673 0.064
4.038 0.651 0.110
1.729 0.631 0.994
2.873 0.645 0.633
2.431 0.644 0.826
2.212 0.651 0.901
2.196 0.660 0.905
2.973 0.669 0.584
0.613 0.667 0.788
2.694 0.670 0.716
1.231 0.672 0.971
4.620 0.682 0.002
4.406 0.659 0.023
3.826 0.635 0.184
2.252 0.618 0.888
3.024 0.629 0.559
3.860 0.626 0.171
4.527 0.608 0.009
3.528 0.584 0.312
3.669 0.573 0.248
1.386 0.559 0.991
2.415 0.577 0.832
4.644 0.588 0.001
3.379 0.563 0.382
4.119 0.556 0.086
3.300 0.536 0.421
4.432 0.531 0.020
1.591 0.509 1.000
3.387 0.530 0.378
2.979 0.523 0.581
1.053 0.526 0.934
2.183 0.544 0.909
1.878 0.559 0.977
4.544 0.577 0.007
2.270 0.553 0.883
2.592 0.567 0.761
3.337 0.575 0.403
2.372 0.568 0.848
1.905 0.580 0.972
2.311 0.596 0.869
2.652 0.607 0.735
1.917 0.612 0.970
3.333 0.626 0.405
2.902 0.618 0.619
0.673 0.619 0.812
0.886 0.626 0.887
1.337 0.636 0.986
0.263 0.653 0.630
2.903 0.648 0.618
2.688 0.647 0.719
1.202 0.650 0.966
2.116 0.661 0.927
4.545 0.670 0.007
1.611 0.647 1.000
3.520 0.660 0.315
2.981 0.647 0.580
3.162 0.645 0.490
3.527 0.639 0.312
3.924 0.627 0.148
1.600 0.608 1.000
1.317 0.624 0.984
3.056 0.637 0.543
1.120 0.635 0.950
0.592 0.648 0.779
0.612 0.653 0.787
2.789 0.656 0.673
0.349 0.660 0.671
3.372 0.657 0.386
4.211 0.647 0.061
1.093 0.626 0.944
0.440 0.640 0.713
3.332 0.640 0.405
4.186 0.631 0.068
4.676 0.609 0.000
3.212 0.585 0.465
0.512 0.582 0.745
2.489 0.587 0.803
3.327 0.596 0.408
0.484 0.590 0.733
2.337 0.594 0.860
3.261 0.605 0.440
0.131 0.604 0.565
1.379 0.597 0.991
3.138 0.612 0.502
1.058 0.609 0.936
3.656 0.621 0.254
4.025 0.606 0.114
2.602 0.587 0.757
1.302 0.594 0.982
0.033 0.619 0.517
3.589 0.605 0.284
3.801 0.592 0.194
3.242 0.576 0.450
2.571 0.571 0.770
3.247 0.579 0.447
4.285 0.573 0.045
0.789 0.553 0.855
4.219 0.564 0.060
3.786 0.543 0.200
4.115 0.528 0.087
2.732 0.509 0.699
4.461 0.517 0.016
1.551 0.496 1.000
2.914 0.518 0.613
1.293 0.522 0.981
3.106 0.542 0.518
0.855 0.542 0.877
4.118 0.555 0.086
0.014 0.543 0.507
4.454 0.533 0.017
2.309 0.511 0.870
0.111 0.532 0.555
3.065 0.528 0.539
1.479 0.529 0.998
4.198 0.548 0.065
3.117 0.528 0.512
3.281 0.527 0.431
2.068 0.523 0.939
0.250 0.545 0.624
3.516 0.544 0.317
0.247 0.539 0.622
3.348 0.538 0.398
0.098 0.539 0.549
0.711 0.534 0.826
3.205 0.545 0.468
0.016 0.551 0.508
2.856 0.540 0.641
0.452 0.547 0.718
0.843 0.554 0.873
1.621 0.566 0.999
1.141 0.586 0.954
1.971 0.601 0.960
1.727 0.616 0.994
4.237 0.633 0.055
2.001 0.606 0.954
4.167 0.619 0.073
3.357 0.598 0.393
3.406 0.590 0.369
0.515 0.584 0.746
3.695 0.587 0.237
1.794 0.574 0.988
4.698 0.590 0.000
0.968 0.568 0.912
4.059 0.580 0.103
2.580 0.561 0.766
0.376 0.574 0.683
2.916 0.574 0.612
1.049 0.578 0.933
2.843 0.591 0.647
2.523 0.593 0.790
0.577 0.606 0.773
1.180 0.611 0.962
3.935 0.623 0.144
2.186 0.603 0.908
3.373 0.615 0.385
3.301 0.606 0.420
0.863 0.602 0.880
4.085 0.609 0.095
0.090 0.601 0.545
0.475 0.592 0.729
3.372 0.592 0.386
2.334 0.584 0.861
3.249 0.595 0.446
1.363 0.591 0.989
2.484 0.606 0.806
2.852 0.614 0.643
3.791 0.615 0.198
2.042 0.599 0.945
4.137 0.612 0.080
1.504 0.593 0.999
3.058 0.608 0.542
0.699 0.610 0.822
2.447 0.615 0.820
3.927 0.622 0.146
1.746 0.604 0.992
1.890 0.621 0.975
1.490 0.637 0.998
2.569 0.650 0.771
2.459 0.656 0.815
3.442 0.663 0.352
2.240 0.649 0.892
1.330 0.661 0.986
2.798 0.673 0.668
4.411 0.672 0.023
4.325 0.642 0.037
0.970 0.623 0.912
1.252 0.634 0.975
3.782 0.644 0.201
2.748 0.627 0.692
3.014 0.630 0.564
1.141 0.631 0.955
2.861 0.640 0.639
3.580 0.639 0.288
0.090 0.644 0.545
1.106 0.627 0.947
0.625 0.643 0.793
3.940 0.640 0.142
1.894 0.623 0.974
4.002 0.635 0.121
3.110 0.615 0.516
1.140 0.616 0.954
2.318 0.627 0.867
4.205 0.634 0.063
4.426 0.612 0.020
3.356 0.589 0.394
4.359 0.580 0.031
4.126 0.558 0.084
2.183 0.538 0.909
2.062 0.555 0.941
3.058 0.571 0.542
1.467 0.573 0.997
2.125 0.591 0.925
0.480 0.614 0.731
2.769 0.611 0.682
3.398 0.613 0.373
3.919 0.600 0.149
1.356 0.585 0.989
1.976 0.601 0.960
0.725 0.624 0.831
0.823 0.632 0.867
1.136 0.641 0.953
1.066 0.655 0.938
1.916 0.665 0.970
4.474 0.673 0.014
2.460 0.641 0.815
4.581 0.646 0.004
0.334 0.641 0.664
3.387 0.623 0.379
3.057 0.613 0.542
1.189 0.618 0.964
4.670 0.624 0.000
4.098 0.600 0.092
2.024 0.582 0.949
2.495 0.597 0.801
3.368 0.604 0.388
1.276 0.604 0.978
1.551 0.620 1.000
0.514 0.646 0.746
0.177 0.659 0.588
3.795 0.629 0.196
4.075 0.609 0.098
2.106 0.592 0.930
3.783 0.603 0.201
0.352 0.607 0.672
3.469 0.589 0.339
4.632 0.578 0.002
3.298 0.555 0.422
3.269 0.549 0.437
0.527 0.560 0.752
2.801 0.554 0.667
4.377 0.557 0.028
2.395 0.537 0.840
1.221 0.559 0.970
4.365 0.566 0.030
1.139 0.555 0.954
3.525 0.562 0.313
2.315 0.554 0.868
1.520 0.577 0.999
0.274 0.613 0.635
2.854 0.592 0.642
1.085 0.607 0.942
3.776 0.607 0.204
0.269 0.615 0.633
4.596 0.584 0.003
3.922 0.560 0.148
2.597 0.544 0.759
4.244 0.552 0.054
0.588 0.551 0.777
3.343 0.541 0.400
3.336 0.535 0.404
2.387 0.531 0.843
4.149 0.543 0.077
0.921 0.540 0.898
3.595 0.539 0.281
2.846 0.529 0.645
2.386 0.537 0.843
2.590 0.553 0.762
3.787 0.559 0.199
0.651 0.564 0.803
3.906 0.551 0.154
2.217 0.538 0.899
4.427 0.550 0.020
2.147 0.533 0.919
1.512 0.564 0.999
2.348 0.582 0.856
3.190 0.597 0.476
0.508 0.610 0.743
3.730 0.587 0.223
3.439 0.561 0.353
3.412 0.552 0.366
2.529 0.546 0.788
0.259 0.598 0.628
1.576 0.573 1.000
3.212 0.580 0.465
4.078 0.570 0.097
2.096 0.558 0.933
2.198 0.583 0.905
1.626 0.614 0.999
2.453 0.633 0.818
1.556 0.654 1.000
1.423 0.679 0.995
4.226 0.681 0.058
1.996 0.626 0.956
3.991 0.628 0.125
0.446 0.661 0.716
0.409 0.666 0.699
0.256 0.677 0.627
4.268 0.602 0.049
1.586 0.602 1.000
2.915 0.604 0.612
3.653 0.599 0.255
0.775 0.635 0.850
1.622 0.623 0.999
1.621 0.657 0.999
1.961 0.678 0.962
0.278 0.740 0.637
3.977 0.652 0.129
2.573 0.612 0.769
1.312 0.654 0.983
0.811 0.706 0.862
1.996 0.660 0.956
2.549 0.675 0.779
1.845 0.722 0.981
0.928 0.764 0.900
0.159 0.801 0.579
0.325 0.772 0.660
0.327 0.763 0.660
2.336 0.714 0.861
0.401 0.762 0.695
2.143 0.731 0.920
2.622 0.741 0.748
3.719 0.713 0.227
0.274 0.745 0.635
1.519 0.685 0.999
3.899 0.656 0.157
3.893 0.632 0.159
4.561 0.614 0.006
3.419 0.590 0.363
1.942 0.598 0.966
4.604 0.596 0.003
2.198 0.596 0.905
4.298 0.588 0.042
2.129 0.582 0.924
2.688 0.604 0.719
3.997 0.589 0.123
2.780 0.565 0.677
0.287 0.672 0.642
2.122 0.586 0.926
3.409 0.588 0.368
2.242 0.595 0.891
2.223 0.642 0.897
3.148 0.641 0.497
3.195 0.606 0.473
0.573 0.688 0.771
1.717 0.658 0.995
2.097 0.679 0.932
3.756 0.637 0.212
2.302 0.607 0.872
1.186 0.710 0.963
2.557 0.640 0.776
2.533 0.670 0.786
2.430 0.710 0.826
3.661 0.664 0.252
4.503 0.616 0.011
0.340 0.733 0.667
4.574 0.589 0.005
1.470 0.633 0.997
1.943 0.639 0.966
4.162 0.600 0.074
0.944 0.706 0.905
1.386 0.705 0.991
2.401 0.651 0.837
0.426 0.779 0.707
0.063 0.796 0.532
1.553 0.725 1.000
2.025 0.738 0.949
3.386 0.680 0.379
3.831 0.600 0.182
0.987 0.732 0.917
0.500 0.764 0.740
4.106 0.589 0.089
1.300 0.706 0.982
2.989 0.588 0.576
1.783 0.694 0.989
2.675 0.655 0.725
1.525 0.773 0.999
2.917 0.695 0.612
0.761 0.799 0.845
3.864 0.611 0.170
4.097 0.586 0.092
1.273 0.734 0.978
4.208 0.577 0.062
1.792 0.685 0.988
3.972 0.572 0.131
4.076 0.549 0.098
2.645 0.550 0.738
2.233 0.668 0.894
1.345 0.766 0.987
4.401 0.569 0.024
2.027 0.616 0.949
3.513 0.568 0.319
4.234 0.540 0.056
1.712 0.693 0.995
0.786 0.781 0.854
2.796 0.591 0.670
1.312 0.784 0.983
1.699 0.792 0.996
2.171 0.794 0.913
0.221 0.845 0.609
1.018 0.813 0.926
2.363 0.794 0.851
1.763 0.818 0.991
1.636 0.833 0.999
4.081 0.643 0.096
4.580 0.549 0.004
2.858 0.525 0.640
2.040 0.538 0.946
1.356 0.747 0.988
2.603 0.568 0.756
2.694 0.578 0.716
2.842 0.586 0.648
4.014 0.579 0.117
4.015 0.558 0.117
3.266 0.540 0.438
3.469 0.534 0.339
1.258 0.784 0.976
3.734 0.533 0.221
2.805 0.526 0.665
2.684 0.547 0.721
2.524 0.643 0.789
1.739 0.814 0.993
4.451 0.559 0.017
3.382 0.526 0.381
4.576 0.516 0.005
1.261 0.775 0.976
2.486 0.540 0.805
1.408 0.816 0.993
2.450 0.730 0.819
0.038 0.869 0.519
3.711 0.552 0.231
1.252 0.789 0.975
0.141 0.835 0.570
4.230 0.496 0.057
2.079 0.635 0.937
3.780 0.507 0.202
3.626 0.479 0.267
1.095 0.769 0.945
4.681 0.476 0.000
2.016 0.668 0.951
2.181 0.760 0.910
4.055 0.493 0.104
4.382 0.458 0.027
3.684 0.439 0.242
1.606 0.721 1.000
2.064 0.712 0.940
0.591 0.808 0.779
1.915 0.786 0.971
1.044 0.817 0.932
2.106 0.810 0.930
2.498 0.806 0.800
1.100 0.836 0.946
2.050 0.833 0.944
1.508 0.850 0.999
2.446 0.843 0.821
4.217 0.513 0.060
2.275 0.564 0.881
3.905 0.529 0.154
1.769 0.687 0.990
1.995 0.799 0.956
3.241 0.529 0.451
1.013 0.869 0.924
1.233 0.870 0.972
1.811 0.860 0.986
3.419 0.512 0.363
2.032 0.830 0.948
3.227 0.527 0.457
4.687 0.491 0.000
4.036 0.467 0.110
1.121 0.856 0.950
4.250 0.453 0.052
1.502 0.840 0.999
4.146 0.440 0.078
4.006 0.423 0.120
4.400 0.408 0.024
0.965 0.822 0.911
1.480 0.819 0.998
1.312 0.841 0.983
4.024 0.409 0.114
1.082 0.845 0.941
0.380 0.861 0.686
2.388 0.649 0.842
3.770 0.466 0.206
2.592 0.412 0.761
0.040 0.874 0.520
0.820 0.830 0.865
3.414 0.413 0.365
1.067 0.829 0.938
3.825 0.401 0.184
2.260 0.723 0.886
1.123 0.843 0.951
1.321 0.851 0.985
3.771 0.429 0.206
2.941 0.424 0.599
0.159 0.872 0.579
2.232 0.802 0.895
2.242 0.823 0.891
0.979 0.852 0.915
1.308 0.855 0.983
2.629 0.822 0.745
1.589 0.855 1.000
3.142 0.571 0.500
0.240 0.874 0.619
2.505 0.678 0.797
3.187 0.620 0.477
0.015 0.864 0.508
1.837 0.782 0.982
1.241 0.833 0.973
4.129 0.399 0.083
3.660 0.387 0.252
3.395 0.383 0.375
3.265 0.385 0.438
3.509 0.384 0.320
2.679 0.486 0.723
2.487 0.828 0.804
3.324 0.735 0.409
3.355 0.373 0.394
4.283 0.373 0.045
4.233 0.359 0.056
3.248 0.347 0.447
1.408 0.772 0.993
4.498 0.361 0.011
0.847 0.800 0.875
3.459 0.350 0.344
0.588 0.810 0.778
0.228 0.813 0.613
1.763 0.731 0.991
1.893 0.780 0.974
4.091 0.363 0.094
3.099 0.381 0.521
0.177 0.834 0.588
0.074 0.816 0.537
0.023 0.791 0.511
0.406 0.746 0.697
1.878 0.725 0.977
2.120 0.751 0.926
4.104 0.356 0.090
3.723 0.333 0.225
0.603 0.768 0.784
2.218 0.688 0.899
2.659 0.721 0.732
0.397 0.796 0.693
3.260 0.471 0.441
3.731 0.343 0.222
2.251 0.720 0.889
2.456 0.754 0.817
2.371 0.776 0.848
0.604 0.807 0.784
3.767 0.394 0.207
1.185 0.789 0.963
0.719 0.810 0.829
3.347 0.347 0.398
0.690 0.814 0.818
1.064 0.812 0.937
3.948 0.350 0.139
4.258 0.341 0.051
2.865 0.369 0.636
0.894 0.819 0.890
3.507 0.547 0.321
3.861 0.331 0.171
4.077 0.325 0.097
0.169 0.800 0.584
2.508 0.340 0.796
0.237 0.799 0.617
3.433 0.449 0.356
1.103 0.764 0.946
1.299 0.783 0.982
4.536 0.331 0.008
1.827 0.780 0.984
3.453 0.347 0.347
0.788 0.814 0.854
1.370 0.815 0.990
4.263 0.338 0.050
4.458 0.325 0.016
0.258 0.815 0.628
0.663 0.792 0.808
4.687 0.306 0.000
0.818 0.780 0.865
1.930 0.769 0.968
4.158 0.309 0.075
4.435 0.299 0.019
0.395 0.792 0.693
2.985 0.359 0.578
3.958 0.555 0.136
2.680 0.273 0.723
3.268 0.287 0.437
3.373 0.292 0.385
0.554 0.780 0.763
2.623 0.297 0.748
2.871 0.312 0.634
0.558 0.811 0.765
1.860 0.581 0.979
0.086 0.849 0.543
0.820 0.814 0.865
2.030 0.783 0.948
0.080 0.842 0.540
0.929 0.807 0.901
2.599 0.710 0.758
3.631 0.362 0.265
1.232 0.814 0.972
1.558 0.826 1.000
3.387 0.367 0.379
0.612 0.846 0.787
1.025 0.840 0.927
1.025 0.847 0.927
3.744 0.359 0.217
4.070 0.347 0.100
1.571 0.834 1.000
3.758 0.345 0.211
0.611 0.848 0.787
1.424 0.839 0.995
1.450 0.851 0.996
0.436 0.866 0.711
0.480 0.855 0.731
0.139 0.851 0.569
3.175 0.347 0.483
0.899 0.828 0.891
2.937 0.625 0.601
3.401 0.355 0.372
0.553 0.833 0.763
2.678 0.717 0.724
4.462 0.332 0.016
2.615 0.714 0.751
1.412 0.816 0.994
4.370 0.329 0.029
2.261 0.795 0.886
0.501 0.831 0.740
3.360 0.385 0.392
4.298 0.319 0.042
4.547 0.306 0.007
1.705 0.793 0.995
4.194 0.305 0.066
2.393 0.756 0.840
2.658 0.750 0.732
4.276 0.299 0.047
0.489 0.808 0.735
3.171 0.351 0.485
0.446 0.809 0.716
2.997 0.747 0.572
2.607 0.696 0.755
3.598 0.336 0.280
4.309 0.281 0.040
1.579 0.767 1.000
4.297 0.283 0.042
2.884 0.481 0.628
3.396 0.691 0.374
1.558 0.746 1.000
0.128 0.802 0.564
3.288 0.271 0.427
3.937 0.274 0.143
4.520 0.269 0.009
2.414 0.528 0.833
3.356 0.623 0.393
1.842 0.742 0.982
0.079 0.802 0.540
4.450 0.266 0.017
4.501 0.258 0.011
0.893 0.743 0.889
2.302 0.691 0.872
1.849 0.778 0.981
2.028 0.797 0.949
4.328 0.283 0.036
3.786 0.278 0.200
0.190 0.812 0.595
0.973 0.784 0.913
3.900 0.268 0.156
2.711 0.593 0.709
3.489 0.462 0.330
2.813 0.327 0.661
4.421 0.444 0.021
1.407 0.710 0.993
2.044 0.317 0.945
4.622 0.294 0.002
1.652 0.828 0.998
3.486 0.306 0.331
2.414 0.815 0.832
2.961 0.573 0.590
1.099 0.848 0.945
3.946 0.304 0.140
1.679 0.846 0.997
3.461 0.308 0.343
3.029 0.487 0.556
3.611 0.392 0.274
2.273 0.826 0.882
4.523 0.296 0.009
1.878 0.849 0.977
2.091 0.854 0.934
0.825 0.846 0.867
4.655 0.110 0.001
4.174 0.109 0.071
2.450 0.809 0.819
0.307 0.845 0.651
2.820 0.495 0.658
1.009 0.845 0.923
1.569 0.848 1.000
1.566 0.854 1.000
0.156 0.858 0.578
2.949 0.523 0.596
0.701 0.853 0.823
2.587 0.533 0.763
1.383 0.861 0.991
2.287 0.865 0.877
3.404 0.569 0.370
0.389 0.857 0.689
4.527 0.113 0.009
4.058 0.112 0.103
3.577 0.531 0.289
2.447 0.834 0.820
2.167 0.839 0.914
2.810 0.502 0.663
4.279 0.110 0.046
0.734 0.848 0.835
3.639 0.521 0.261
3.190 0.487 0.476
0.391 0.835 0.691
3.598 0.478 0.280
3.444 0.452 0.351
4.142 0.097 0.079
4.414 0.096 0.022
2.397 0.812 0.839
1.693 0.814 0.996
3.435 0.449 0.355
3.098 0.435 0.522
2.828 0.448 0.654
1.556 0.833 1.000
1.873 0.840 0.977
1.823 0.845 0.984
4.550 0.107 0.007
2.378 0.848 0.846
1.256 0.848 0.975
2.162 0.853 0.915
0.077 0.854 0.538
3.260 0.492 0.441
2.631 0.485 0.744
1.673 0.853 0.997
1.662 0.858 0.998
1.041 0.862 0.931
2.803 0.540 0.666
3.463 0.557 0.342
0.368 0.860 0.680
3.063 0.518 0.539
4.573 0.109 0.005
0.738 0.855 0.836
1.173 0.854 0.961
4.518 0.109 0.009
0.762 0.856 0.845
0.613 0.856 0.788
4.084 0.107 0.096
4.066 0.107 0.101
4.108 0.107 0.089
4.540 0.107 0.007
3.460 0.514 0.343
2.230 0.845 0.895
3.375 0.493 0.384
2.137 0.842 0.922
2.108 0.845 0.930
1.786 0.848 0.988
3.250 0.494 0.446
4.009 0.103 0.119
3.609 0.487 0.275
1.788 0.841 0.988
1.059 0.846 0.936
3.228 0.467 0.457
2.930 0.465 0.605
2.383 0.854 0.844
2.594 0.490 0.760
4.595 0.110 0.003
0.276 0.864 0.636
3.237 0.515 0.452
2.315 0.855 0.868
0.326 0.855 0.660
2.210 0.849 0.901
1.843 0.851 0.982
3.801 0.201 0.194
4.044 0.105 0.108
2.829 0.506 0.654
3.980 0.108 0.128
3.152 0.528 0.495
1.853 0.860 0.980
4.383 0.109 0.027
4.613 0.108 0.002
4.215 0.107 0.061
4.694 0.107 0.000
0.851 0.860 0.876
0.388 0.860 0.689
0.504 0.856 0.742
3.761 0.255 0.210
4.417 0.102 0.022
1.163 0.850 0.959
0.434 0.854 0.710
1.279 0.849 0.979
2.643 0.509 0.739
0.408 0.863 0.698
1.056 0.858 0.935
3.387 0.537 0.378
3.986 0.103 0.126
4.184 0.103 0.068
4.683 0.103 0.000
4.164 0.102 0.073
0.783 0.852 0.853
1.367 0.852 0.990
1.639 0.856 0.999
3.779 0.105 0.203
0.792 0.861 0.856
3.987 0.105 0.126
3.594 0.111 0.282
3.671 0.532 0.248
2.014 0.851 0.952
1.496 0.854 0.999
3.364 0.505 0.390
4.239 0.102 0.055
4.086 0.101 0.095
1.718 0.853 0.995
2.291 0.857 0.876
3.745 0.394 0.216
0.711 0.852 0.826
1.722 0.851 0.994
0.305 0.855 0.650
2.288 0.849 0.877
3.351 0.224 0.396
2.164 0.854 0.914
0.906 0.856 0.893
4.697 0.103 0.000
2.579 0.487 0.767
2.626 0.541 0.746
2.548 0.874 0.779
0.436 0.872 0.711
2.098 0.869 0.932
4.594 0.110 0.003
1.644 0.869 0.999
4.370 0.110 0.029
3.754 0.548 0.213
2.620 0.728 0.749
3.787 0.499 0.199
2.904 0.450 0.618
3.688 0.479 0.240
3.000 0.439 0.570
4.289 0.098 0.044
3.495 0.461 0.327
1.310 0.842 0.983
4.558 0.097 0.006
2.751 0.449 0.690
2.765 0.499 0.684
2.210 0.863 0.901
3.560 0.516 0.297
1.064 0.855 0.937
2.127 0.858 0.925
3.986 0.308 0.126
1.532 0.854 1.000
0.448 0.858 0.716
3.553 0.099 0.300
4.356 0.100 0.031
2.345 0.856 0.858
1.802 0.856 0.987
3.524 0.101 0.313
3.663 0.103 0.251
3.235 0.121 0.453
0.021 0.866 0.511
2.741 0.828 0.695
1.031 0.853 0.929
4.146 0.105 0.078
3.720 0.466 0.227
0.625 0.845 0.793
1.289 0.843 0.980
0.602 0.847 0.783
4.255 0.100 0.051
2.370 0.842 0.849
1.794 0.845 0.988
4.233 0.101 0.056
0.376 0.849 0.684
1.515 0.844 0.999
3.023 0.439 0.559
3.168 0.460 0.487
2.186 0.855 0.908
0.148 0.856 0.573
1.396 0.848 0.992
2.135 0.853 0.923
3.011 0.465 0.565
0.697 0.859 0.821
2.528 0.483 0.788
2.071 0.869 0.939
3.461 0.533 0.343
0.356 0.864 0.674
3.309 0.495 0.417
4.609 0.105 0.003
1.556 0.855 1.000
2.074 0.859 0.938
4.204 0.106 0.063
0.212 0.860 0.605
1.175 0.853 0.961
0.269 0.857 0.633
0.115 0.850 0.557
4.408 0.099 0.023
1.095 0.840 0.944
2.781 0.462 0.676
1.984 0.853 0.958
2.553 0.501 0.777
4.284 0.110 0.045
3.185 0.537 0.478
0.328 0.864 0.661
2.760 0.519 0.686
2.150 0.865 0.919
3.730 0.352 0.222
3.811 0.108 0.190
2.054 0.864 0.943
3.829 0.110 0.183
2.001 0.866 0.954
3.869 0.111 0.168
3.273 0.119 0.434
1.673 0.872 0.997
0.784 0.875 0.853
4.651 0.118 0.001
2.637 0.555 0.742
2.304 0.880 0.872
0.929 0.880 0.900
3.968 0.120 0.132
0.393 0.881 0.691
3.290 0.573 0.426
1.199 0.871 0.966
0.517 0.873 0.747
3.962 0.115 0.134
1.015 0.871 0.925
2.773 0.554 0.680
0.214 0.877 0.606
0.884 0.871 0.887
2.929 0.560 0.606
2.767 0.566 0.683
0.526 0.877 0.751
1.188 0.874 0.964
1.733 0.876 0.993
3.472 0.524 0.338
3.893 0.117 0.159
0.140 0.873 0.570
1.990 0.866 0.957
1.511 0.868 0.999
4.628 0.116 0.002
2.235 0.870 0.894
4.659 0.115 0.001
3.779 0.114 0.202
3.851 0.115 0.174
1.274 0.871 0.978
2.426 0.866 0.828
0.690 0.873 0.818
0.603 0.871 0.784
0.282 0.869 0.639
0.103 0.864 0.551
2.021 0.855 0.950
3.624 0.110 0.268
1.146 0.859 0.955
0.535 0.862 0.755
4.516 0.112 0.010
2.156 0.858 0.917
0.621 0.860 0.791
4.235 0.111 0.056
3.749 0.110 0.214
1.450 0.858 0.996
0.651 0.862 0.803
2.163 0.861 0.915
4.679 0.113 0.000
0.302 0.861 0.649
4.257 0.109 0.051
1.980 0.854 0.959
0.427 0.857 0.707
2.707 0.521 0.711
3.495 0.112 0.327
3.083 0.551 0.529
1.970 0.862 0.961
3.000 0.554 0.570
2.603 0.556 0.756
0.594 0.873 0.780
2.447 0.601 0.820
0.018 0.880 0.509
1.849 0.872 0.981
2.015 0.874 0.952
2.800 0.602 0.668
4.610 0.124 0.003
1.118 0.877 0.950
2.797 0.613 0.669
0.878 0.881 0.885
3.484 0.124 0.332
0.303 0.883 0.649
1.826 0.878 0.984
2.250 0.880 0.889
1.227 0.881 0.971
1.354 0.882 0.988
1.663 0.885 0.998
2.131 0.887 0.923
2.099 0.887 0.932
3.480 0.130 0.334
2.769 0.645 0.682
4.197 0.135 0.065
4.202 0.133 0.064
4.038 0.132 0.110
1.729 0.890 0.994
2.873 0.651 0.633
2.431 0.889 0.826
2.212 0.890 0.901
2.196 0.890 0.905
2.973 0.646 0.584
0.613 0.888 0.788
2.694 0.632 0.716
1.231 0.889 0.971
4.620 0.132 0.002
4.406 0.130 0.023
3.826 0.128 0.184
2.252 0.889 0.888
3.024 0.644 0.559
3.860 0.127 0.171
4.527 0.128 0.009
3.528 0.126 0.312
3.669 0.129 0.248
1.386 0.888 0.991
2.415 0.858 0.832
4.644 0.132 0.001
3.379 0.129 0.382
4.119 0.134 0.086
3.300 0.133 0.421
4.432 0.139 0.020
1.591 0.892 1.000
3.387 0.137 0.378
2.979 0.655 0.581
1.053 0.894 0.934
2.183 0.894 0.909
1.878 0.894 0.977
4.544 0.143 0.007
2.270 0.894 0.883
2.592 0.646 0.761
3.337 0.142 0.403
2.372 0.842 0.848
1.905 0.900 0.972
2.311 0.901 0.869
2.652 0.673 0.735
1.917 0.903 0.970
3.333 0.153 0.405
2.902 0.692 0.619
0.673 0.904 0.812
0.886 0.903 0.887
1.337 0.903 0.986
0.263 0.904 0.630
2.903 0.668 0.618
2.688 0.661 0.719
1.202 0.900 0.966
2.116 0.901 0.927
4.545 0.158 0.007
1.611 0.900 1.000
3.520 0.153 0.315
2.981 0.678 0.580
3.162 0.661 0.490
3.527 0.152 0.312
3.924 0.160 0.148
1.600 0.897 1.000
1.317 0.898 0.984
3.056 0.651 0.543
1.120 0.896 0.950
0.592 0.897 0.779
0.612 0.895 0.787
2.789 0.629 0.673
0.349 0.895 0.671
3.372 0.155 0.386
4.211 0.168 0.061
1.093 0.892 0.944
0.440 0.893 0.713
3.332 0.161 0.405
4.186 0.177 0.068
4.676 0.168 0.000
3.212 0.597 0.465
0.512 0.885 0.745
2.489 0.598 0.803
3.327 0.157 0.408
0.484 0.892 0.733
2.337 0.879 0.860
3.261 0.174 0.440
0.131 0.892 0.565
1.379 0.886 0.991
3.138 0.610 0.502
1.058 0.884 0.936
3.656 0.191 0.254
4.025 0.198 0.114
2.602 0.611 0.757
1.302 0.890 0.982
0.033 0.892 0.517
3.589 0.189 0.284
3.801 0.200 0.194
3.242 0.202 0.450
2.571 0.631 0.770
3.247 0.244 0.447
4.285 0.273 0.045
0.789 0.893 0.855
4.219 0.235 0.060
3.786 0.210 0.200
4.115 0.209 0.087
2.732 0.630 0.699
4.461 0.196 0.016
1.551 0.887 1.000
2.914 0.637 0.613
1.293 0.889 0.981
3.106 0.633 0.518
0.855 0.887 0.877
4.118 0.175 0.086
0.014 0.885 0.507
4.454 0.163 0.017
2.309 0.858 0.870
0.111 0.875 0.555
3.065 0.581 0.539
1.479 0.865 0.998
4.198 0.150 0.065
3.117 0.552 0.512
3.281 0.144 0.431
2.068 0.870 0.939
0.250 0.872 0.624
3.516 0.158 0.317
0.247 0.867 0.622
3.348 0.167 0.398
0.098 0.862 0.549
0.711 0.851 0.826
3.205 0.190 0.468
0.016 0.855 0.508
2.856 0.553 0.641
0.452 0.843 0.718
0.843 0.836 0.873
1.621 0.839 0.999
1.141 0.847 0.954
1.971 0.852 0.960
1.727 0.857 0.994
4.237 0.224 0.055
2.001 0.859 0.954
4.167 0.204 0.073
3.357 0.188 0.393
3.406 0.213 0.369
0.515 0.867 0.746
3.695 0.233 0.237
1.794 0.862 0.988
4.698 0.236 0.000
0.968 0.862 0.912
4.059 0.205 0.103
2.580 0.580 0.766
0.376 0.870 0.683
2.916 0.592 0.612
1.049 0.865 0.933
2.843 0.598 0.647
2.523 0.604 0.790
0.577 0.876 0.773
1.180 0.873 0.962
3.935 0.207 0.144
2.186 0.875 0.908
3.373 0.200 0.385
3.301 0.224 0.420
0.863 0.882 0.880
4.085 0.254 0.095
0.090 0.879 0.545
0.475 0.869 0.729
3.372 0.221 0.386
2.334 0.832 0.861
3.249 0.248 0.446
1.363 0.873 0.989
2.484 0.638 0.806
2.852 0.654 0.643
3.791 0.288 0.198
2.042 0.881 0.945
4.137 0.274 0.080
1.504 0.879 0.999
3.058 0.648 0.542
0.699 0.878 0.822
2.447 0.692 0.820
3.927 0.245 0.146
1.746 0.880 0.992
1.890 0.883 0.975
1.490 0.885 0.998
2.569 0.761 0.771
2.459 0.888 0.815
3.442 0.235 0.352
2.240 0.889 0.892
1.330 0.889 0.986
2.798 0.669 0.668
4.411 0.255 0.023
4.325 0.220 0.037
0.970 0.884 0.912
1.252 0.884 0.975
3.782 0.198 0.201
2.748 0.657 0.692
3.014 0.662 0.564
1.141 0.884 0.955
2.861 0.651 0.639
3.580 0.197 0.288
0.090 0.887 0.545
1.106 0.879 0.947
0.625 0.881 0.793
3.940 0.202 0.142
1.894 0.877 0.974
4.002 0.197 0.121
3.110 0.612 0.516
1.140 0.875 0.954
2.318 0.877 0.867
4.205 0.186 0.063
4.426 0.174 0.020
3.356 0.161 0.394
4.359 0.180 0.031
4.126 0.166 0.084
2.183 0.873 0.909
2.062 0.874 0.941
3.058 0.595 0.542
1.467 0.873 0.997
2.125 0.877 0.925
0.480 0.878 0.731
2.769 0.615 0.682
3.398 0.162 0.373
3.919 0.179 0.149
1.356 0.879 0.989
1.976 0.882 0.960
0.725 0.884 0.831
0.823 0.883 0.867
1.136 0.882 0.953
1.066 0.884 0.938
1.916 0.885 0.970
4.474 0.181 0.014
2.460 0.884 0.815
4.581 0.166 0.004
0.334 0.881 0.664
3.387 0.152 0.379
3.057 0.469 0.542
1.189 0.881 0.964
4.670 0.171 0.000
4.098 0.158 0.092
2.024 0.880 0.949
2.495 0.878 0.801
3.368 0.154 0.388
1.276 0.882 0.978
1.551 0.884 1.000
0.514 0.887 0.746
0.177 0.884 0.588
3.795 0.166 0.196
4.075 0.168 0.098
2.106 0.876 0.930
3.783 0.164 0.201
0.352 0.878 0.672
3.469 0.164 0.339
4.632 0.178 0.002
3.298 0.200 0.422
3.269 0.629 0.437
0.527 0.869 0.752
2.801 0.597 0.667
4.377 0.177 0.028
2.395 0.864 0.840
1.221 0.865 0.970
4.365 0.165 0.030
1.139 0.866 0.954
3.525 0.157 0.313
2.315 0.871 0.868
1.520 0.871 0.999
0.274 0.875 0.635
2.854 0.604 0.642
1.085 0.869 0.942
3.776 0.168 0.204
0.269 0.872 0.633
4.596 0.168 0.003
3.922 0.155 0.148
2.597 0.596 0.759
4.244 0.160 0.054
0.588 0.868 0.777
3.343 0.606 0.400
3.336 0.578 0.404
2.387 0.846 0.843
4.149 0.141 0.077
0.921 0.846 0.898
3.595 0.139 0.281
2.846 0.565 0.645
2.386 0.853 0.843
2.590 0.575 0.762
3.787 0.153 0.199
0.651 0.863 0.803
3.906 0.155 0.154
2.217 0.861 0.899
4.427 0.156 0.020
2.147 0.860 0.919
1.512 0.862 0.999
2.348 0.867 0.856
3.190 0.604 0.476
0.508 0.861 0.743
3.730 0.145 0.223
3.439 0.174 0.353
3.412 0.589 0.366
2.529 0.575 0.788
0.259 0.860 0.628
1.576 0.852 1.000
3.212 0.585 0.465
4.078 0.157 0.097
2.096 0.851 0.933
2.198 0.855 0.905
1.626 0.857 0.999
2.453 0.860 0.818
1.556 0.860 1.000
1.423 0.865 0.995
4.226 0.160 0.058
1.996 0.868 0.956
3.991 0.154 0.125
0.446 0.870 0.716
0.409 0.865 0.699
0.256 0.860 0.627
4.268 0.145 0.049
1.586 0.850 1.000
2.915 0.572 0.612
3.653 0.143 0.255
0.775 0.859 0.850
1.622 0.859 0.999
1.621 0.864 0.999
1.961 0.868 0.962
0.278 0.871 0.637
3.977 0.151 0.129
2.573 0.604 0.769
1.312 0.871 0.983
0.811 0.874 0.862
1.996 0.874 0.956
2.549 0.860 0.779
1.845 0.873 0.981
0.928 0.876 0.900
0.159 0.877 0.579
0.325 0.869 0.660
0.327 0.862 0.660
2.336 0.854 0.861
0.401 0.855 0.695
2.143 0.849 0.920
2.622 0.578 0.748
3.719 0.152 0.227
0.274 0.860 0.635
1.519 0.852 0.999
3.899 0.156 0.157
3.893 0.156 0.159
4.561 0.156 0.006
3.419 0.591 0.363
1.942 0.845 0.966
4.604 0.142 0.003
2.198 0.848 0.905
4.298 0.136 0.042
2.129 0.849 0.924
2.688 0.573 0.719
3.997 0.138 0.123
2.780 0.591 0.677
0.287 0.863 0.642
2.122 0.855 0.926
3.409 0.587 0.368
2.242 0.847 0.891
2.223 0.849 0.897
3.148 0.571 0.497
3.195 0.562 0.473
0.573 0.843 0.771
1.717 0.840 0.995
2.097 0.847 0.932
3.756 0.131 0.212
2.302 0.851 0.872
1.186 0.852 0.963
2.557 0.571 0.776
2.533 0.598 0.786
2.430 0.785 0.826
3.661 0.147 0.252
4.503 0.152 0.011
0.340 0.874 0.667
4.574 0.143 0.005
1.470 0.867 0.997
1.943 0.871 0.966
4.162 0.140 0.074
0.944 0.873 0.905
1.386 0.874 0.991
2.401 0.876 0.837
0.426 0.876 0.707
0.063 0.871 0.532
1.553 0.861 1.000
2.025 0.866 0.949
3.386 0.570 0.379
3.831 0.131 0.182
0.987 0.861 0.917
0.500 0.863 0.740
4.106 0.132 0.089
1.300 0.859 0.982
2.989 0.592 0.576
1.783 0.862 0.989
2.675 0.597 0.725
1.525 0.871 0.999
2.917 0.622 0.612
0.761 0.874 0.845
3.864 0.137 0.170
4.097 0.138 0.092
1.273 0.873 0.978
4.208 0.138 0.062
1.792 0.875 0.988
3.972 0.137 0.131
4.076 0.137 0.098
2.645 0.627 0.738
2.233 0.882 0.894
1.345 0.882 0.987
4.401 0.140 0.024
2.027 0.883 0.949
3.513 0.137 0.319
4.234 0.142 0.056
1.712 0.885 0.995
0.786 0.888 0.854
2.796 0.657 0.670
1.312 0.887 0.983
1.699 0.889 0.996
2.171 0.891 0.913
0.221 0.892 0.609
1.018 0.886 0.926
2.363 0.887 0.851
1.763 0.886 0.991
1.636 0.888 0.999
4.081 0.143 0.096
4.580 0.141 0.004
2.858 0.663 0.640
2.040 0.888 0.946
1.356 0.889 0.988
2.603 0.669 0.756
2.694 0.681 0.716
2.842 0.687 0.648
4.014 0.141 0.117
4.015 0.140 0.117
3.266 0.142 0.438
3.469 0.148 0.339
1.258 0.898 0.976
3.734 0.155 0.221
2.805 0.697 0.665
2.684 0.692 0.721
2.524 0.793 0.789
1.739 0.900 0.993
4.451 0.159 0.017
3.382 0.153 0.381
4.576 0.162 0.005
1.261 0.900 0.976
2.486 0.884 0.805
1.408 0.900 0.993
2.450 0.699 0.819
0.038 0.905 0.519
3.711 0.155 0.231
1.252 0.900 0.975
0.141 0.901 0.570
4.230 0.155 0.057
2.079 0.895 0.937
3.780 0.152 0.202
3.626 0.154 0.267
1.095 0.897 0.945
4.681 0.159 0.000
2.016 0.896 0.951
2.181 0.897 0.910
4.055 0.153 0.104
4.382 0.151 0.027
3.684 0.147 0.242
1.606 0.897 1.000
2.064 0.898 0.940
0.591 0.899 0.779
1.915 0.897 0.971
1.044 0.898 0.932
2.106 0.899 0.930
2.498 0.703 0.800
1.100 0.902 0.946
2.050 0.903 0.944
1.508 0.903 0.999
2.446 0.728 0.821
4.217 0.158 0.060
2.275 0.905 0.881
3.905 0.154 0.154
1.769 0.906 0.990
1.995 0.907 0.956
3.241 0.469 0.451
1.013 0.907 0.924
1.233 0.907 0.972
1.811 0.908 0.986
3.419 0.157 0.363
2.032 0.911 0.948
3.227 0.192 0.457
4.687 0.181 0.000
4.036 0.170 0.110
1.121 0.912 0.950
4.250 0.167 0.052
1.502 0.911 0.999
4.146 0.163 0.078
4.006 0.160 0.120
4.400 0.159 0.024
0.965 0.910 0.911
1.480 0.910 0.998
1.312 0.911 0.983
4.024 0.156 0.114
1.082 0.911 0.941
0.380 0.912 0.686
2.388 0.759 0.842
3.770 0.154 0.206
2.592 0.767 0.761
0.040 0.911 0.520
0.820 0.907 0.865
3.414 0.509 0.365
1.067 0.903 0.938
3.825 0.148 0.184
2.260 0.903 0.886
1.123 0.903 0.951
1.321 0.904 0.985
3.771 0.150 0.206
2.941 0.609 0.599
0.159 0.905 0.579
2.232 0.901 0.895
2.242 0.901 0.891
0.979 0.901 0.915
1.308 0.901 0.983
2.629 0.731 0.745
1.589 0.903 1.000
3.142 0.150 0.500
0.240 0.907 0.619
2.505 0.734 0.797
3.187 0.161 0.477
0.015 0.908 0.508
1.837 0.903 0.982
1.241 0.904 0.973
4.129 0.175 0.083
3.660 0.169 0.252
3.395 0.174 0.375
3.265 0.189 0.438
3.509 0.215 0.320
2.679 0.759 0.723
2.487 0.753 0.804
3.324 0.230 0.409
3.355 0.257 0.394
4.283 0.281 0.045
4.233 0.242 0.056
3.248 0.215 0.447
1.408 0.913 0.993
4.498 0.249 0.011
0.847 0.911 0.875
3.459 0.214 0.344
0.588 0.912 0.778
0.228 0.910 0.613
1.763 0.906 0.991
1.893 0.907 0.974
4.091 0.228 0.094
3.099 0.210 0.521
0.177 0.910 0.588
0.074 0.906 0.537
0.023 0.901 0.511
0.406 0.894 0.697
1.878 0.890 0.977
2.120 0.892 0.926
4.104 0.236 0.090
3.723 0.215 0.225
0.603 0.890 0.784
2.218 0.888 0.899
2.659 0.697 0.732
0.397 0.890 0.693
3.260 0.213 0.441
3.731 0.246 0.222
2.251 0.887 0.889
2.456 0.701 0.817
2.371 0.736 0.848
0.604 0.896 0.784
3.767 0.249 0.207
1.185 0.893 0.963
0.719 0.895 0.829
3.347 0.243 0.398
0.690 0.896 0.818
1.064 0.894 0.937
3.948 0.267 0.139
4.258 0.247 0.051
2.865 0.720 0.636
0.894 0.887 0.890
3.507 0.215 0.321
3.861 0.230 0.171
4.077 0.222 0.097
0.169 0.885 0.584
2.508 0.690 0.796
0.237 0.882 0.617
3.433 0.200 0.356
1.103 0.878 0.946
1.299 0.880 0.982
4.536 0.223 0.008
1.827 0.879 0.984
3.453 0.197 0.347
0.788 0.884 0.854
1.370 0.883 0.990
4.263 0.217 0.050
4.458 0.196 0.016
0.258 0.880 0.628
0.663 0.874 0.808
4.687 0.173 0.000
0.818 0.869 0.865
1.930 0.869 0.968
4.158 0.161 0.075
4.435 0.155 0.019
0.395 0.869 0.693
2.985 0.177 0.578
3.958 0.174 0.136
2.680 0.680 0.723
3.268 0.209 0.437
3.373 0.445 0.385
0.554 0.873 0.763
2.623 0.684 0.748
2.871 0.694 0.634
0.558 0.870 0.765
1.860 0.866 0.979
0.086 0.870 0.543
0.820 0.858 0.865
2.030 0.859 0.948
0.080 0.862 0.540
0.929 0.849 0.901
2.599 0.655 0.758
3.631 0.186 0.265
1.232 0.858 0.972
1.558 0.863 1.000
3.387 0.199 0.379
0.612 0.871 0.787
1.025 0.868 0.927
1.025 0.870 0.927
3.744 0.223 0.217
4.070 0.222 0.100
1.571 0.870 1.000
3.758 0.208 0.211
0.611 0.874 0.787
1.424 0.872 0.995
1.450 0.876 0.996
0.436 0.879 0.711
0.480 0.874 0.731
0.139 0.870 0.569
3.175 0.411 0.483
0.899 0.861 0.891
2.937 0.683 0.601
3.401 0.483 0.372
0.553 0.854 0.763
2.678 0.651 0.724
4.462 0.198 0.016
2.615 0.656 0.751
1.412 0.855 0.994
4.370 0.183 0.029
2.261 0.857 0.886
0.501 0.860 0.740
3.360 0.167 0.392
4.298 0.188 0.042
4.547 0.174 0.007
1.705 0.853 0.995
4.194 0.162 0.066
2.393 0.699 0.840
2.658 0.696 0.732
4.276 0.160 0.047
0.489 0.865 0.735
3.171 0.153 0.485
0.446 0.864 0.716
2.997 0.689 0.572
2.607 0.671 0.755
3.598 0.170 0.280
4.309 0.180 0.040
1.579 0.856 1.000
4.297 0.170 0.042
2.884 0.689 0.628
3.396 0.158 0.374
1.558 0.861 1.000
0.128 0.866 0.564
3.288 0.172 0.427
3.937 0.198 0.143
4.520 0.192 0.009
2.414 0.757 0.833
3.356 0.175 0.393
1.842 0.862 0.982
0.079 0.866 0.540
4.450 0.194 0.017
4.501 0.175 0.011
0.893 0.847 0.889
2.302 0.849 0.872
1.849 0.850 0.981
2.028 0.856 0.949
4.328 0.166 0.036
3.786 0.156 0.200
0.190 0.859 0.595
0.973 0.847 0.913
3.900 0.156 0.156
2.711 0.672 0.709
3.489 0.157 0.330
2.813 0.683 0.661
4.421 0.170 0.021
1.407 0.852 0.993
2.044 0.858 0.945
4.622 0.161 0.002
1.652 0.859 0.998
3.486 0.153 0.331
2.414 0.866 0.832
2.961 0.698 0.590
1.099 0.861 0.945
3.946 0.162 0.140
1.679 0.864 0.997
3.461 0.162 0.343
3.029 0.694 0.556
3.611 0.173 0.274
2.273 0.866 0.882
4.523 0.182 0.009
1.878 0.864 0.977
2.091 0.868 0.934
